0.0 0.0 0.0 0.0 0.0 0.0 0.0 1.0
2.13503100265252 0.12640458345413208 -0.012798130512237549 -0.024487094953656197 0.017389295622706413 0.20803864300251007 0.07622464001178741 0.9749909043312073
3.3693458010610082 0.27004295587539673 0.021755371242761612 -0.09461206197738647 0.024247776716947556 0.4516613483428955 0.16339944303035736 0.8767640590667725
4.303421864721486 0.3376564383506775 0.05792805925011635 -0.1839114874601364 0.017219625413417816 0.6359716653823853 0.22025562822818756 0.7394126057624817
4.970619053050398 0.35519567131996155 0.08620179444551468 -0.27982938289642334 0.012352359481155872 0.7533043026924133 0.24833957850933075 0.6088576912879944
5.737895819628648 0.32945725321769714 0.09950613975524902 -0.382885605096817 0.011099238879978657 0.8576197624206543 0.27226555347442627 0.436161071062088
7.6060479469496025 0.30199435353279114 0.19354645907878876 -0.484222948551178 -0.009093835018575191 0.9048482179641724 0.3643620014190674 0.22001586854457855
9.274040917771883 0.3958308696746826 0.27216440439224243 -0.3857533037662506 -0.08106932789087296 0.7811513543128967 0.45086291432380676 0.4242088794708252
10.37491627851459 0.4572997987270355 0.22207847237586975 -0.18771116435527802 -0.14788781106472015 0.606011688709259 0.37342369556427 0.6866104602813721
11.642590936339523 0.30472859740257263 0.10480742901563644 0.048218999058008194 -0.1906173676252365 0.3549157381057739 0.2205272763967514 0.8882948756217957
